<!DOCTYPE html>
<html lang="en">
  <head>
    <meta charset="UTF-8">
    <meta name="viewport" content="width=device-width, initial-scale=1.0">
    <meta http-equiv="X-UA-Compatible" content="IE=edge">
    <title>Classification EDA - Oxford Pets</title>

    <!-- Stylesheets -->
    <link rel="stylesheet" href="assets/css/common.css">
    <link rel="stylesheet" href="assets/css/classification.css">

    <!-- Scripts (head) -->
    <script>
    
    window.CLASSIFICATION_CHARTS = {
      "class_dist_bar": {
        "type": "bar",
        "data": {
          "labels": [
            "american_pit_bull_terrier",
            "Maine_Coon",
            "keeshond",
            "havanese",
            "scottish_terrier",
            "leonberger",
            "Russian_Blue",
            "saint_bernard",
            "basset_hound",
            "chihuahua",
            "shiba_inu",
            "beagle",
            "Persian",
            "British_Shorthair",
            "pug",
            "yorkshire_terrier",
            "boxer",
            "Sphynx",
            "pomeranian",
            "great_pyrenees"
          ],
          "datasets": [
            {
              "label": "Number of Images",
              "data": [
                80,
                80,
                80,
                80,
                80,
                80,
                80,
                80,
                80,
                80,
                80,
                80,
                80,
                80,
                80,
                80,
                80,
                80,
                80,
                80
              ],
              "backgroundColor": [
                "hsl(200, 70%, 60%)",
                "hsl(203, 70%, 60%)",
                "hsl(206, 70%, 60%)",
                "hsl(209, 70%, 60%)",
                "hsl(212, 70%, 60%)",
                "hsl(215, 70%, 60%)",
                "hsl(218, 70%, 60%)",
                "hsl(221, 70%, 60%)",
                "hsl(224, 70%, 60%)",
                "hsl(227, 70%, 60%)",
                "hsl(230, 70%, 60%)",
                "hsl(233, 70%, 60%)",
                "hsl(236, 70%, 60%)",
                "hsl(239, 70%, 60%)",
                "hsl(242, 70%, 60%)",
                "hsl(245, 70%, 60%)",
                "hsl(248, 70%, 60%)",
                "hsl(251, 70%, 60%)",
                "hsl(254, 70%, 60%)",
                "hsl(257, 70%, 60%)"
              ],
              "borderColor": [
                "hsl(200, 70%, 60%)",
                "hsl(203, 70%, 60%)",
                "hsl(206, 70%, 60%)",
                "hsl(209, 70%, 60%)",
                "hsl(212, 70%, 60%)",
                "hsl(215, 70%, 60%)",
                "hsl(218, 70%, 60%)",
                "hsl(221, 70%, 60%)",
                "hsl(224, 70%, 60%)",
                "hsl(227, 70%, 60%)",
                "hsl(230, 70%, 60%)",
                "hsl(233, 70%, 60%)",
                "hsl(236, 70%, 60%)",
                "hsl(239, 70%, 60%)",
                "hsl(242, 70%, 60%)",
                "hsl(245, 70%, 60%)",
                "hsl(248, 70%, 60%)",
                "hsl(251, 70%, 60%)",
                "hsl(254, 70%, 60%)",
                "hsl(257, 70%, 60%)"
              ],
              "borderWidth": 1
            }
          ]
        },
        "options": {
          "responsive": true,
          "maintainAspectRatio": false,
          "plugins": {
            "legend": {
              "display": false
            },
            "title": {
              "display": true,
              "text": "Breed Distribution (All 37 Breeds) (Top 20)",
              "font": {
                "size": 16,
                "weight": "bold"
              }
            }
          },
          "scales": {
            "x": {
              "ticks": {
                "autoSkip": false,
                "maxRotation": 45,
                "minRotation": 45
              },
              "grid": {
                "display": false
              }
            },
            "y": {
              "title": {
                "display": true,
                "text": "Number of Images"
              },
              "beginAtZero": true,
              "grid": {
                "color": "#f0f0f0"
              }
            }
          }
        }
      },
      "species_pie": {
        "type": "doughnut",
        "data": {
          "labels": [
            "Dog",
            "Cat"
          ],
          "datasets": [
            {
              "data": [
                1992,
                949
              ],
              "backgroundColor": [
                "#3b82f6",
                "#f59e0b"
              ],
              "borderWidth": 2,
              "borderColor": "#ffffff"
            }
          ]
        },
        "options": {
          "responsive": true,
          "maintainAspectRatio": false,
          "plugins": {
            "legend": {
              "display": true,
              "position": "bottom",
              "labels": {
                "font": {
                  "size": 14
                }
              }
            },
            "title": {
              "display": true,
              "text": "Species Distribution",
              "font": {
                "size": 16,
                "weight": "bold"
              }
            }
          }
        }
      },
      "similarity_heatmap": {
        "data": [
          {
            "z": [
              [
                1.000000238418579,
                0.9327099323272705,
                0.8529459238052368,
                0.9132925271987915,
                0.9117530584335327,
                0.9015415906906128,
                0.9118475317955017,
                0.8007412552833557,
                0.8817538619041443,
                0.9348816871643066,
                0.8808806538581848,
                0.8855472803115845,
                0.7446507215499878,
                0.7509554028511047,
                0.700308620929718,
                0.7748384475708008,
                0.726340651512146,
                0.8135095834732056,
                0.7151666879653931,
                0.7350629568099976,
                0.735221266746521,
                0.7085919976234436,
                0.748053789138794,
                0.7557939291000366,
                0.7192316055297852,
                0.7170028686523438,
                0.8080629110336304,
                0.69882732629776,
                0.7751230001449585,
                0.7671916484832764,
                0.6888794898986816,
                0.7109259366989136,
                0.7035936117172241,
                0.82496178150177,
                0.746963381767273,
                0.7114907503128052,
                0.7330796718597412
              ],
              [
                0.9327099323272705,
                0.9999999403953552,
                0.8383310437202454,
                0.8827595114707947,
                0.8810145854949951,
                0.9422962069511414,
                0.9229744672775269,
                0.7927590012550354,
                0.8681946396827698,
                0.8866810202598572,
                0.8489062190055847,
                0.8560468554496765,
                0.7496775388717651,
                0.7471070289611816,
                0.7163817882537842,
                0.7639143466949463,
                0.7341904044151306,
                0.7549332976341248,
                0.7459931373596191,
                0.7840988039970398,
                0.7549532055854797,
                0.7118206024169922,
                0.7504305839538574,
                0.762062668800354,
                0.705254077911377,
                0.7104415893554688,
                0.7566057443618774,
                0.7159193158149719,
                0.7542839646339417,
                0.7474585771560669,
                0.7001161575317383,
                0.6874788999557495,
                0.7086105346679688,
                0.7620124220848083,
                0.7504068613052368,
                0.7175060510635376,
                0.7235409617424011
              ],
              [
                0.8529459238052368,
                0.8383310437202454,
                1.0000001192092896,
                0.8260401487350464,
                0.897774875164032,
                0.7997885942459106,
                0.8977683782577515,
                0.8883638381958008,
                0.9642791152000427,
                0.8845403790473938,
                0.9584519863128662,
                0.8046035766601562,
                0.6978991031646729,
                0.6518405675888062,
                0.636634349822998,
                0.6878907084465027,
                0.6794129610061646,
                0.6865723133087158,
                0.6690245866775513,
                0.6914740800857544,
                0.655677855014801,
                0.7022000551223755,
                0.7393315434455872,
                0.7682735919952393,
                0.7366918325424194,
                0.6996833086013794,
                0.6745504140853882,
                0.6908254623413086,
                0.7528884410858154,
                0.7136484980583191,
                0.676639199256897,
                0.7252573370933533,
                0.6731393933296204,
                0.7052385807037354,
                0.6755540370941162,
                0.6749426126480103,
                0.6681560277938843
              ],
              [
                0.9132925271987915,
                0.8827595114707947,
                0.8260401487350464,
                1.0000003576278687,
                0.8932424187660217,
                0.8568887114524841,
                0.8541717529296875,
                0.7703180313110352,
                0.8423513174057007,
                0.9169015884399414,
                0.8581781387329102,
                0.8338775634765625,
                0.7231332063674927,
                0.7360969185829163,
                0.6514571905136108,
                0.724096953868866,
                0.6934425234794617,
                0.8005906343460083,
                0.6684573292732239,
                0.6860197186470032,
                0.7138686776161194,
                0.6708050966262817,
                0.7083925008773804,
                0.725792407989502,
                0.6807817816734314,
                0.6706725358963013,
                0.7848857045173645,
                0.7108839750289917,
                0.7568228840827942,
                0.7798023819923401,
                0.643196702003479,
                0.6788406372070312,
                0.7025598287582397,
                0.7744491696357727,
                0.7635223269462585,
                0.6530245542526245,
                0.6813757419586182
              ],
              [
                0.9117530584335327,
                0.8810145854949951,
                0.897774875164032,
                0.8932424187660217,
                1.000000238418579,
                0.8633467555046082,
                0.9263722896575928,
                0.8998422622680664,
                0.9145716428756714,
                0.9600812196731567,
                0.8755984902381897,
                0.8436080813407898,
                0.7397091388702393,
                0.6974434852600098,
                0.658780574798584,
                0.7168593406677246,
                0.7248427271842957,
                0.7156219482421875,
                0.6656294465065002,
                0.6982715725898743,
                0.7072352170944214,
                0.7048773169517517,
                0.7334139943122864,
                0.7474698424339294,
                0.7526068687438965,
                0.6958690881729126,
                0.7246906757354736,
                0.7243736982345581,
                0.7556999325752258,
                0.7361821532249451,
                0.6784628033638,
                0.7408220171928406,
                0.685044527053833,
                0.7669116258621216,
                0.7311367392539978,
                0.6865633130073547,
                0.673470675945282
              ],
              [
                0.9015415906906128,
                0.9422962069511414,
                0.7997885942459106,
                0.8568887114524841,
                0.8633467555046082,
                0.9999997019767761,
                0.8869227170944214,
                0.772013783454895,
                0.8332025408744812,
                0.8829272985458374,
                0.8118561506271362,
                0.8296351432800293,
                0.6794798374176025,
                0.6657031774520874,
                0.6499300003051758,
                0.6851930618286133,
                0.6518847346305847,
                0.7005146741867065,
                0.6567962169647217,
                0.7283157110214233,
                0.7176088094711304,
                0.6531325578689575,
                0.6969701051712036,
                0.700924277305603,
                0.6646567583084106,
                0.6228552460670471,
                0.7001093029975891,
                0.6407143473625183,
                0.6927250027656555,
                0.6878031492233276,
                0.624684751033783,
                0.6441245079040527,
                0.6449760794639587,
                0.6836761832237244,
                0.6782311797142029,
                0.6478061676025391,
                0.6708534955978394
              ],
              [
                0.9118475317955017,
                0.9229744672775269,
                0.8977683782577515,
                0.8541717529296875,
                0.9263722896575928,
                0.8869227170944214,
                1.000000238418579,
                0.8857495784759521,
                0.9310972690582275,
                0.9003352522850037,
                0.8587441444396973,
                0.8070116639137268,
                0.7111778259277344,
                0.6794447898864746,
                0.6782532930374146,
                0.7269938588142395,
                0.6965025067329407,
                0.6744824051856995,
                0.7108414769172668,
                0.7431806921958923,
                0.6922124624252319,
                0.7397071123123169,
                0.7606753706932068,
                0.775110125541687,
                0.7469307780265808,
                0.738433837890625,
                0.686100423336029,
                0.7466170787811279,
                0.7649231553077698,
                0.7167337536811829,
                0.711729109287262,
                0.7344733476638794,
                0.6884511709213257,
                0.7519457340240479,
                0.7020984292030334,
                0.7069243788719177,
                0.7047560214996338
              ],
              [
                0.8007412552833557,
                0.7927590012550354,
                0.8883638381958008,
                0.7703180313110352,
                0.8998422622680664,
                0.772013783454895,
                0.8857495784759521,
                1.0,
                0.9011759757995605,
                0.8291477560997009,
                0.795050859451294,
                0.7351784706115723,
                0.6621701121330261,
                0.6173095703125,
                0.5945783853530884,
                0.634401261806488,
                0.6576505899429321,
                0.6241562962532043,
                0.6313244700431824,
                0.66905277967453,
                0.6217729449272156,
                0.6901883482933044,
                0.7409093379974365,
                0.776227593421936,
                0.7280540466308594,
                0.6526336073875427,
                0.616850733757019,
                0.6804185509681702,
                0.7580749988555908,
                0.6851156949996948,
                0.63819819688797,
                0.7457499504089355,
                0.6275022029876709,
                0.6617220044136047,
                0.6348488926887512,
                0.6636870503425598,
                0.66037517786026
              ],
              [
                0.8817538619041443,
                0.8681946396827698,
                0.9642791152000427,
                0.8423513174057007,
                0.9145716428756714,
                0.8332025408744812,
                0.9310972690582275,
                0.9011759757995605,
                1.0,
                0.8979049921035767,
                0.9253891110420227,
                0.8015520572662354,
                0.6969438195228577,
                0.6530625224113464,
                0.6458279490470886,
                0.7018295526504517,
                0.6655775904655457,
                0.6801063418388367,
                0.6696138381958008,
                0.7039142847061157,
                0.6481808423995972,
                0.7344805598258972,
                0.7309766411781311,
                0.775435745716095,
                0.7272297143936157,
                0.7036193609237671,
                0.6680044531822205,
                0.6969693899154663,
                0.7574893832206726,
                0.7012000679969788,
                0.6942532062530518,
                0.7648666501045227,
                0.6684589385986328,
                0.7178375124931335,
                0.6729139089584351,
                0.6878086924552917,
                0.6476643085479736
              ],
              [
                0.9348816871643066,
                0.8866810202598572,
                0.8845403790473938,
                0.9169015884399414,
                0.9600812196731567,
                0.8829272985458374,
                0.9003352522850037,
                0.8291477560997009,
                0.8979049921035767,
                0.9999999403953552,
                0.903416633605957,
                0.8815439343452454,
                0.736089825630188,
                0.7063806056976318,
                0.6654777526855469,
                0.7202344536781311,
                0.7027402520179749,
                0.7416788339614868,
                0.6692001819610596,
                0.6983872056007385,
                0.7213886380195618,
                0.687245786190033,
                0.7291966676712036,
                0.7176445722579956,
                0.7193619608879089,
                0.6744532585144043,
                0.747462809085846,
                0.7037668228149414,
                0.7227955460548401,
                0.7349857091903687,
                0.6550646424293518,
                0.7047553658485413,
                0.6878460645675659,
                0.760934591293335,
                0.7366058230400085,
                0.6759089231491089,
                0.6632541418075562
              ],
              [
                0.8808806538581848,
                0.8489062190055847,
                0.9584519863128662,
                0.8581781387329102,
                0.8755984902381897,
                0.8118561506271362,
                0.8587441444396973,
                0.795050859451294,
                0.9253891110420227,
                0.903416633605957,
                1.000000238418579,
                0.8449613451957703,
                0.7060546278953552,
                0.6614298224449158,
                0.6420441269874573,
                0.6994960904121399,
                0.6851550936698914,
                0.7236918210983276,
                0.6604588031768799,
                0.6774874925613403,
                0.6574563980102539,
                0.6808048486709595,
                0.703210175037384,
                0.7160403728485107,
                0.6816710829734802,
                0.693635880947113,
                0.705590009689331,
                0.6689791679382324,
                0.6956132650375366,
                0.7316628098487854,
                0.6737393140792847,
                0.676953136920929,
                0.6651840209960938,
                0.7220833897590637,
                0.6924899220466614,
                0.6654025912284851,
                0.6475578546524048
              ],
              [
                0.8855472803115845,
                0.8560468554496765,
                0.8046035766601562,
                0.8338775634765625,
                0.8436080813407898,
                0.8296351432800293,
                0.8070116639137268,
                0.7351784706115723,
                0.8015520572662354,
                0.8815439343452454,
                0.8449613451957703,
                1.0000001192092896,
                0.8206870555877686,
                0.7866758108139038,
                0.6927134990692139,
                0.7558149099349976,
                0.7720367908477783,
                0.8413299322128296,
                0.7010849714279175,
                0.7409594655036926,
                0.7428277134895325,
                0.6643456816673279,
                0.765009880065918,
                0.7568183541297913,
                0.6761177778244019,
                0.6468336582183838,
                0.8340559601783752,
                0.6569966673851013,
                0.7066885232925415,
                0.7510560750961304,
                0.6608187556266785,
                0.6584467887878418,
                0.7160958051681519,
                0.7542092204093933,
                0.7880802154541016,
                0.7083409428596497,
                0.7242846488952637
              ],
              [
                0.7446507215499878,
                0.7496775388717651,
                0.6978991031646729,
                0.7231332063674927,
                0.7397091388702393,
                0.6794798374176025,
                0.7111778259277344,
                0.6621701121330261,
                0.6969438195228577,
                0.736089825630188,
                0.7060546278953552,
                0.8206870555877686,
                1.000000238418579,
                0.9319899678230286,
                0.7693274021148682,
                0.8411489725112915,
                0.9174041748046875,
                0.7482196688652039,
                0.7445774674415588,
                0.7751341462135315,
                0.8219851851463318,
                0.76239013671875,
                0.7899319529533386,
                0.7577359676361084,
                0.6987646222114563,
                0.7339003086090088,
                0.8085601329803467,
                0.734243631362915,
                0.6975183486938477,
                0.8089155554771423,
                0.8052898645401001,
                0.7125324010848999,
                0.7292702794075012,
                0.7870630025863647,
                0.9242845177650452,
                0.7522915601730347,
                0.7004477977752686
              ],
              [
                0.7509554028511047,
                0.7471070289611816,
                0.6518405675888062,
                0.7360969185829163,
                0.6974434852600098,
                0.6657031774520874,
                0.6794447898864746,
                0.6173095703125,
                0.6530625224113464,
                0.7063806056976318,
                0.6614298224449158,
                0.7866758108139038,
                0.9319899678230286,
                1.0,
                0.7428559064865112,
                0.8253344297409058,
                0.8651185631752014,
                0.7989018559455872,
                0.7330141663551331,
                0.7384000420570374,
                0.824223518371582,
                0.7263714671134949,
                0.7666692733764648,
                0.7245296835899353,
                0.6803281307220459,
                0.7166823148727417,
                0.871009349822998,
                0.7203346490859985,
                0.7271739840507507,
                0.7888979911804199,
                0.7355434894561768,
                0.6696821451187134,
                0.7270969152450562,
                0.7904368042945862,
                0.9328397512435913,
                0.727796196937561,
                0.7152271866798401
              ],
              [
                0.700308620929718,
                0.7163817882537842,
                0.636634349822998,
                0.6514571905136108,
                0.658780574798584,
                0.6499300003051758,
                0.6782532930374146,
                0.5945783853530884,
                0.6458279490470886,
                0.6654777526855469,
                0.6420441269874573,
                0.6927134990692139,
                0.7693274021148682,
                0.7428559064865112,
                0.9999998807907104,
                0.8892475366592407,
                0.7346106767654419,
                0.6445237398147583,
                0.808600664138794,
                0.8294543623924255,
                0.7859371900558472,
                0.7025824785232544,
                0.7127304077148438,
                0.7073413133621216,
                0.6319226622581482,
                0.6967208385467529,
                0.6894482970237732,
                0.687536358833313,
                0.6354928016662598,
                0.6682044267654419,
                0.780583381652832,
                0.6235530376434326,
                0.6387811899185181,
                0.7143408060073853,
                0.7088994979858398,
                0.663529634475708,
                0.6286234259605408
              ],
              [
                0.7748384475708008,
                0.7639143466949463,
                0.6878907084465027,
                0.724096953868866,
                0.7168593406677246,
                0.6851930618286133,
                0.7269938588142395,
                0.634401261806488,
                0.7018295526504517,
                0.7202344536781311,
                0.6994960904121399,
                0.7558149099349976,
                0.8411489725112915,
                0.8253344297409058,
                0.8892475366592407,
                1.0000001192092896,
                0.790805995464325,
                0.7671449184417725,
                0.7996313571929932,
                0.8016819357872009,
                0.8383483290672302,
                0.7639533281326294,
                0.779005765914917,
                0.7731555104255676,
                0.6919029355049133,
                0.7383577227592468,
                0.7936068773269653,
                0.7236069440841675,
                0.7223124504089355,
                0.7490326762199402,
                0.797688364982605,
                0.6895887851715088,
                0.6982869505882263,
                0.8235840201377869,
                0.7862447500228882,
                0.7413647770881653,
                0.7115457057952881
              ],
              [
                0.726340651512146,
                0.7341904044151306,
                0.6794129610061646,
                0.6934425234794617,
                0.7248427271842957,
                0.6518847346305847,
                0.6965025067329407,
                0.6576505899429321,
                0.6655775904655457,
                0.7027402520179749,
                0.6851550936698914,
                0.7720367908477783,
                0.9174041748046875,
                0.8651185631752014,
                0.7346106767654419,
                0.790805995464325,
                0.9999998807907104,
                0.7057002782821655,
                0.7035080194473267,
                0.7228271961212158,
                0.773571789264679,
                0.6975172162055969,
                0.7532538771629333,
                0.7384253740310669,
                0.6681324243545532,
                0.756959080696106,
                0.774118959903717,
                0.7318071722984314,
                0.6804125308990479,
                0.8020454049110413,
                0.8182713389396667,
                0.6394038796424866,
                0.7081183791160583,
                0.7393938899040222,
                0.8592362999916077,
                0.7444015145301819,
                0.6844436526298523
              ],
              [
                0.8135095834732056,
                0.7549332976341248,
                0.6865723133087158,
                0.8005906343460083,
                0.7156219482421875,
                0.7005146741867065,
                0.6744824051856995,
                0.6241562962532043,
                0.6801063418388367,
                0.7416788339614868,
                0.7236918210983276,
                0.8413299322128296,
                0.7482196688652039,
                0.7989018559455872,
                0.6445237398147583,
                0.7671449184417725,
                0.7057002782821655,
                1.0,
                0.7074769139289856,
                0.6940269470214844,
                0.7037678360939026,
                0.6454020142555237,
                0.7726026773452759,
                0.7798994183540344,
                0.7001932859420776,
                0.645923376083374,
                0.8942729830741882,
                0.6370080709457397,
                0.8229333758354187,
                0.7745583057403564,
                0.6273714303970337,
                0.6594458818435669,
                0.7260611653327942,
                0.8092227578163147,
                0.7748404145240784,
                0.6845546364784241,
                0.7861985564231873
              ],
              [
                0.7151666879653931,
                0.7459931373596191,
                0.6690245866775513,
                0.6684573292732239,
                0.6656294465065002,
                0.6567962169647217,
                0.7108414769172668,
                0.6313244700431824,
                0.6696138381958008,
                0.6692001819610596,
                0.6604588031768799,
                0.7010849714279175,
                0.7445774674415588,
                0.7330141663551331,
                0.808600664138794,
                0.7996313571929932,
                0.7035080194473267,
                0.7074769139289856,
                0.9999999403953552,
                0.915874719619751,
                0.7709894776344299,
                0.7627940773963928,
                0.8161609768867493,
                0.7800375819206238,
                0.6948056817054749,
                0.7499977946281433,
                0.714341938495636,
                0.7680369019508362,
                0.714282751083374,
                0.6971549391746521,
                0.7620031237602234,
                0.663469672203064,
                0.7453025579452515,
                0.7222817540168762,
                0.7039052248001099,
                0.7764153480529785,
                0.7350314259529114
              ],
              [
                0.7350629568099976,
                0.7840988039970398,
                0.6914740800857544,
                0.6860197186470032,
                0.6982715725898743,
                0.7283157110214233,
                0.7431806921958923,
                0.66905277967453,
                0.7039142847061157,
                0.6983872056007385,
                0.6774874925613403,
                0.7409594655036926,
                0.7751341462135315,
                0.7384000420570374,
                0.8294543623924255,
                0.8016819357872009,
                0.7228271961212158,
                0.6940269470214844,
                0.915874719619751,
                1.0,
                0.8220562934875488,
                0.7865850329399109,
                0.7926746010780334,
                0.784367561340332,
                0.70871901512146,
                0.7546879053115845,
                0.7082154154777527,
                0.7588813900947571,
                0.7023255228996277,
                0.6812071204185486,
                0.7917077541351318,
                0.681328535079956,
                0.7311055660247803,
                0.7150372862815857,
                0.7016540765762329,
                0.7605231404304504,
                0.7172941565513611
              ],
              [
                0.735221266746521,
                0.7549532055854797,
                0.655677855014801,
                0.7138686776161194,
                0.7072352170944214,
                0.7176088094711304,
                0.6922124624252319,
                0.6217729449272156,
                0.6481808423995972,
                0.7213886380195618,
                0.6574563980102539,
                0.7428277134895325,
                0.8219851851463318,
                0.824223518371582,
                0.7859371900558472,
                0.8383483290672302,
                0.773571789264679,
                0.7037678360939026,
                0.7709894776344299,
                0.8220562934875488,
                0.9999998807907104,
                0.7104297876358032,
                0.7417402863502502,
                0.7188991904258728,
                0.6787186861038208,
                0.7095165252685547,
                0.7787455320358276,
                0.7412160634994507,
                0.6673281788825989,
                0.7135689854621887,
                0.7193323373794556,
                0.6407538652420044,
                0.693770170211792,
                0.719605565071106,
                0.788255512714386,
                0.6986642479896545,
                0.6899922490119934
              ],
              [
                0.7085919976234436,
                0.7118206024169922,
                0.7022000551223755,
                0.6708050966262817,
                0.7048773169517517,
                0.6531325578689575,
                0.7397071123123169,
                0.6901883482933044,
                0.7344805598258972,
                0.687245786190033,
                0.6808048486709595,
                0.6643456816673279,
                0.76239013671875,
                0.7263714671134949,
                0.7025824785232544,
                0.7639533281326294,
                0.6975172162055969,
                0.6454020142555237,
                0.7627940773963928,
                0.7865850329399109,
                0.7104297876358032,
                1.000000238418579,
                0.7674745321273804,
                0.7478026151657104,
                0.799708366394043,
                0.859224259853363,
                0.6654646396636963,
                0.8596920967102051,
                0.7516500353813171,
                0.7103813290596008,
                0.8185726404190063,
                0.872420072555542,
                0.6927016377449036,
                0.7926871180534363,
                0.7059399485588074,
                0.749340832233429,
                0.6075387597084045
              ],
              [
                0.748053789138794,
                0.7504305839538574,
                0.7393315434455872,
                0.7083925008773804,
                0.7334139943122864,
                0.6969701051712036,
                0.7606753706932068,
                0.7409093379974365,
                0.7309766411781311,
                0.7291966676712036,
                0.703210175037384,
                0.765009880065918,
                0.7899319529533386,
                0.7666692733764648,
                0.7127304077148438,
                0.779005765914917,
                0.7532538771629333,
                0.7726026773452759,
                0.8161609768867493,
                0.7926746010780334,
                0.7417402863502502,
                0.7674745321273804,
                0.9999998211860657,
                0.8242257237434387,
                0.7831928730010986,
                0.755893349647522,
                0.754694402217865,
                0.7825645804405212,
                0.8105419278144836,
                0.7463568449020386,
                0.7374886274337769,
                0.7464839220046997,
                0.8024725317955017,
                0.7496951818466187,
                0.7737199664115906,
                0.854404091835022,
                0.8479634523391724
              ],
              [
                0.7557939291000366,
                0.762062668800354,
                0.7682735919952393,
                0.725792407989502,
                0.7474698424339294,
                0.700924277305603,
                0.775110125541687,
                0.776227593421936,
                0.775435745716095,
                0.7176445722579956,
                0.7160403728485107,
                0.7568183541297913,
                0.7577359676361084,
                0.7245296835899353,
                0.7073413133621216,
                0.7731555104255676,
                0.7384253740310669,
                0.7798994183540344,
                0.7800375819206238,
                0.784367561340332,
                0.7188991904258728,
                0.7478026151657104,
                0.8242257237434387,
                1.0,
                0.7533678412437439,
                0.7211099863052368,
                0.731616735458374,
                0.7393116354942322,
                0.8509503602981567,
                0.782050371170044,
                0.7700338959693909,
                0.7464138865470886,
                0.7102643251419067,
                0.7468539476394653,
                0.7216241359710693,
                0.7018595337867737,
                0.7707446217536926
              ],
              [
                0.7192316055297852,
                0.705254077911377,
                0.7366918325424194,
                0.6807817816734314,
                0.7526068687438965,
                0.6646567583084106,
                0.7469307780265808,
                0.7280540466308594,
                0.7272297143936157,
                0.7193619608879089,
                0.6816710829734802,
                0.6761177778244019,
                0.6987646222114563,
                0.6803281307220459,
                0.6319226622581482,
                0.6919029355049133,
                0.6681324243545532,
                0.7001932859420776,
                0.6948056817054749,
                0.70871901512146,
                0.6787186861038208,
                0.799708366394043,
                0.7831928730010986,
                0.7533678412437439,
                1.000000238418579,
                0.8017606735229492,
                0.6940256357192993,
                0.770136296749115,
                0.8658022880554199,
                0.6996581554412842,
                0.699015736579895,
                0.8376941084861755,
                0.7271629571914673,
                0.7944017052650452,
                0.687808632850647,
                0.7079789042472839,
                0.6758402585983276
              ],
              [
                0.7170028686523438,
                0.7104415893554688,
                0.6996833086013794,
                0.6706725358963013,
                0.6958690881729126,
                0.6228552460670471,
                0.738433837890625,
                0.6526336073875427,
                0.7036193609237671,
                0.6744532585144043,
                0.693635880947113,
                0.6468336582183838,
                0.7339003086090088,
                0.7166823148727417,
                0.6967208385467529,
                0.7383577227592468,
                0.756959080696106,
                0.645923376083374,
